1,-0.710517566,-1.18332039,-1.37244159,-1.59308289,-1.46700209,-1.37244159,-1.08875989,0.0459669478,0.928532227,1.0861332,1.2752543,0.960052417,0.613330338,0.014446759,-0.647477196,-0.269234938,-0.206194558,0.613330338,1.36981489,1.46437539,1.054613,0.581810148,0.1720477,-0.269234938
1,-0.993009339,-1.42678648,-1.57988428,-1.60540058,-1.63091688,-1.37575389,-1.01852569,-0.355101825,0.716582755,1.20139249,1.12484359,1.04829469,0.793131655,0.461419768,0.486936067,0.563484967,0.614517566,0.308321969,0.25728936,1.09932729,1.04829469,0.691066466,-0.0489062346,-0.380618125
2,1.31906691,0.569774484,0.195128252,-0.0858564225,-0.179517989,-0.273179539,-0.0858564225,-1.3971182,-1.1161336,-0.741487331,0.0078051365,-0.0858564225,0.0078051365,-0.46050266,-0.55416422,-0.741487331,-0.741487331,-0.741487331,-1.1161336,-0.46050266,0.476112923,2.34934411,2.25568251,1.60005161
2,-0.812444289,-1.1575534,-1.4163852,-1.5314215,-1.5026624,-1.4163852,-1.6464579,-0.467335209,0.654269301,1.0568965,1.3444874,1.200692,0.999378381,0.654269301,0.740546571,0.884342021,0.884342021,0.683028391,0.625510211,0.424196581,-0.00718976465,-0.0359488542,0.107846601,-0.266021569
1,-0.972840322,-1.39051779,-1.53670489,-1.62024039,-1.62024039,-1.45316939,-0.993724192,0.0504693712,0.63521776,1.0320113,0.802288729,0.823172599,0.65610163,0.384611301,0.321959692,0.489030661,0.61433389,1.3035016,1.24085,1.0737791,0.551682271,0.426379041,-0.179253206,-0.638698373
1,0.367423836,-0.277808269,-0.761732336,-0.869271015,-1.13811779,-1.08434839,-1.13811779,-0.600424317,-1.08434839,-0.277808269,0.367423836,0.474962506,0.528731845,0.0985771232,-0.277808269,-0.385346958,-0.600424317,-0.546654967,-0.492885637,0.367423836,2.30312018,2.08804278,1.76542679,1.17396399
2,0.0872128033,-0.5764553,-1.0869692,-1.3932776,-1.3932776,-1.2911748,-1.7506373,-0.72960947,0.342469762,1.7208573,1.8229601,1.7719087,1.159292,0.801932293,0.189315591,-0.0148899809,-0.0659413729,-0.0659413729,-0.0148899809,0.0872128033,-0.321198329,-0.219095549,0.750880902,0.189315591
1,-1.0990687,-1.375564,-1.5230281,-1.5598942,-1.59676019,-1.430863,-1.1359347,-0.232716848,0.652068,0.946996289,1.0022954,0.910130259,0.799532149,0.43087179,0.55990291,0.63363499,0.836398179,0.781099129,1.2050586,0.983862329,0.59676895,0.301840661,-0.122118738,-0.564511177
1,-1.14986991,-1.54924591,-1.48933951,-1.56921471,-1.56921471,-1.44940191,-1.08996351,0.0881955223,0.347789901,1.06666661,1.10660421,1.04669781,0.647321863,0.507540282,0.607384273,0.627353063,0.687259463,0.727197053,1.06666661,0.966822645,0.587415472,0.367758691,-0.0715548647,-0.510868415
2,-0.756239612,-1.18837659,-1.31547569,-1.44257479,-1.44257479,-1.29005589,-1.54425409,-0.883338711,0.413072069,1.20108649,1.27734599,1.25192609,0.997727905,0.845208996,0.896048636,0.972308085,1.02314779,0.718109897,0.31139279,0.489331529,-0.146163946,-0.197003576,0.057194603,-0.247843216
2,-0.509517073,-1.23957141,-1.23957141,-1.60459851,-1.60459851,-1.14831461,-0.783287465,-1.23957141,-0.144489922,0.950591564,1.31561871,1.49813231,1.2243619,0.859334783,0.494307611,0.768077993,0.494307611,0.494307611,0.12928045,-0.327003492,-0.692030654,1.0418483,0.859334783,0.403050821
1,-1.0048172,-1.3816236,-1.5574667,-1.6077075,-1.6579484,-1.4318645,-1.0801785,0.226083872,0.929455902,1.1806602,1.1052989,0.879215052,0.728492472,0.527529032,0.552649462,0.653131182,0.577769892,0.276324732,0.226083872,1.2057806,0.778733332,0.527529032,0.0251204386,-0.678251607
1,-0.97486577,-1.2824483,-1.5490198,-1.6105364,-1.6310419,-1.4875033,-1.0158768,-0.134140159,0.686079942,1.0346735,1.014168,0.891134972,0.522035921,0.440013911,0.399002911,0.419508411,0.542541431,1.301245,1.219223,0.911640472,0.583552431,0.522035921,-0.195656669,-0.60576673
2,-0.874915312,-1.26531572,-1.48840172,-1.68360192,-1.68360192,-1.51628742,-1.26531572,-0.317200387,0.51937202,1.13285841,1.18862991,1.18862991,0.881886744,0.575143521,0.603029271,0.630915021,0.881886744,0.49148628,0.268400308,0.352057539,0.881886744,0.630915021,0.156857317,-0.289314647
1,-0.964323255,-1.43329509,-1.52708949,-1.62088379,-1.66778099,-1.43329509,-0.964323255,-0.237416979,0.653629447,1.14604989,1.14604989,1.00535829,0.770872396,0.372246358,0.372246358,0.559835087,0.536386497,0.395694948,0.466040728,1.40398439,0.888115335,0.559835087,0.0674146948,-0.495351467
2,0.839670288,-0.369454931,-0.427032321,-0.83007406,-0.94522885,-0.88765145,-1.8088897,-1.5210028,-1.117961,-0.427032321,0.379051159,0.666938118,0.839670288,0.148741599,-0.0815679739,-0.311877541,-0.5421871,-0.254300151,-0.023990583,0.379051159,0.954825078,2.1639503,1.7033312,1.4730216
1,-0.585515403,-0.819721574,-1.18775981,-1.45542401,-1.79000421,-1.38850801,-1.05392771,-0.418225292,-0.451683312,0.117103081,0.518599364,0.652431454,0.552057384,0.217477152,-0.11710308,-0.485141332,0.0167290136,1.15430181,1.42196601,1.62271411,1.52234001,1.32159191,0.685889475,-0.0501870348
1,-0.258057048,-0.731435555,-1.12591769,-1.36260699,-1.48095159,-1.44150339,-1.08646949,-0.770883764,-0.810331974,0.0180804336,0.333666119,0.649251807,0.688700016,-0.100264199,-0.218608838,-0.297505257,-0.258057048,0.885941045,1.51711249,1.71435349,1.63545709,1.35931959,0.846492845,0.294217909
2,-0.869584497,-1.2261027,-1.4180741,-1.527772,-1.527772,-1.472923,-1.5551964,-0.650188668,0.50163941,1.1872514,1.2146758,1.2969493,1.0227045,0.69361076,0.69361076,0.80330867,0.80330867,0.66618628,0.3919415,0.33709254,0.0902722439,0.117696721,0.44679046,-0.0194256688
1,-1.07068,-1.3139809,-1.48242,-1.5572818,-1.5572818,-1.48242,-1.0519645,-0.172338151,0.463987321,0.969304613,0.931873703,0.913158253,0.688572782,0.632426412,0.482702782,0.520133692,0.651141872,1.2874673,1.0815973,1.0628819,0.669857322,0.314263681,-0.265915421,-0.715086342
1,-1.04196621,-1.34880291,-1.52139851,-1.61728501,-1.63646231,-1.21456191,-1.09949811,-0.255697232,0.779876574,1.14424511,1.16342241,0.971649505,0.856585754,0.492217182,0.453862592,0.530571762,0.703167393,0.683990103,1.10589051,1.01000411,0.511394472,0.242912371,-0.217342652,-0.696774985
2,-0.812867605,-1.17271419,-1.50685739,-1.55826399,-1.60967069,-1.37834079,-1.12130749,-0.632944346,0.626518517,1.32050829,1.39761829,1.39761829,1.16628829,0.755035136,0.652221837,0.703628487,0.677925167,0.420891928,0.292375309,0.0867487191,0.0096387482,0.523705228,0.189562019,-0.427317767
1,-1.0944947,-1.36139939,-1.60606199,-1.65054619,-1.65054619,-1.47260969,-1.1167367,0.262270948,0.840564486,1.12971129,1.10746919,1.01850099,0.773838316,0.373481248,0.373481248,0.595901837,0.551417717,0.351239188,0.506933607,1.17419539,0.751596256,0.462449487,0.0176082943,-0.338264649
1,-0.838942577,-1.1511073,-1.46327189,-1.58813779,-1.71300369,-1.4320555,-1.0262414,-0.433128499,0.222417339,0.440932608,0.971612567,1.0340455,0.815530227,0.440932608,0.0975514626,0.0975514626,0.12876793,1.0340455,1.3774267,1.47107609,1.0964784,0.690664358,0.0663349947,-0.339479089
1,-0.965505659,-1.34498799,-1.55844678,-1.65331728,-1.62959968,-1.46357618,-1.06037629,0.0780705794,0.623576348,1.26395269,1.19279979,0.955623315,0.789599817,0.36268228,0.41011757,0.33896464,0.504988139,0.33896464,0.528705779,1.42997619,0.813317466,0.504988139,-0.0167999878,-0.443717533
1,-0.404976941,-1.0099218,-1.332559,-1.4535479,-1.4938776,-1.2922293,-0.848603143,-0.525965902,0.804912683,1.4098575,1.4098575,1.2082092,0.764583022,0.11930856,-0.324317631,-0.243658331,-0.162999021,-0.445306601,-0.162999021,1.73249471,1.4098575,0.925901643,0.159638211,-0.243658331
1,-0.920246957,-1.3825106,-1.5365984,-1.6136424,-1.6393237,-1.4338732,-0.997290887,-0.303895497,0.671994303,1.1342579,1.2113018,1.2113018,0.774719543,0.363818573,0.389499883,0.338137263,0.466543813,0.389499883,0.389499883,1.391071,0.903126103,0.620631683,-0.0984450138,-0.329576807
2,-0.648465559,-1.0947214,-1.3736314,-1.4851953,-1.6525413,-1.4294133,-0.815811509,-0.871593498,0.132482209,1.0807759,1.3596859,1.3596859,1.3039039,0.857647987,0.801866007,0.913429967,1.0807759,0.578738078,0.355610148,-0.0348637436,-0.704247549,0.188264199,0.299828158,-0.20220969
2,-0.973863625,-1.29513821,-1.56286701,-1.64318571,-1.50932121,-1.50932121,-1.08095511,-0.384860204,0.471872048,1.3821501,1.3286043,1.2750585,0.900238169,0.659282228,0.712827999,0.712827999,0.632509348,0.364780518,0.284461878,0.123824577,0.311234758,0.846692409,0.230916108,-0.277768673
1,-0.888218751,-1.3608299,-1.5846983,-1.6095726,-1.5846983,-1.460327,-0.987715831,-0.515104691,0.50474041,1.1017229,1.1763457,1.0271001,0.6788603,0.33062051,0.45499187,0.45499187,0.57936322,0.4301176,0.45499187,1.4499627,0.952477281,0.753483121,0.0570035368,-0.415607611
1,-1.04341069,-1.34833439,-1.50079629,-1.57702719,-1.63420039,-1.46268079,-1.08152619,-0.281101517,0.843304557,0.976708666,0.976708666,0.862362287,0.709900448,0.38591904,0.538380879,0.519323149,0.748015908,1.0148241,1.167286,1.0338819,0.519323149,0.30968812,-0.109581948,-0.566967455
2,0.339263483,-0.325415988,-0.713145689,-0.934705519,-1.1008754,-1.1008754,-0.879315559,-0.546975819,-0.990095469,-0.325415988,0.283873532,0.616213273,0.505433353,0.117703662,-0.380805948,-0.546975819,-0.713145689,-0.713145689,-0.380805948,0.450043403,2.38869191,2.05635211,1.7240124,1.1701128
2,-0.752126649,-1.0692752,-1.3599948,-1.49214,-1.518569,-1.3864238,-1.49214,-0.593552359,0.410751452,1.1507648,1.3093391,1.28291,1.0714776,0.860045263,0.939332413,0.912903363,0.992190503,0.727900023,0.463609552,0.278606212,-0.170687599,-0.197116649,-0.117829499,-0.249974739
1,-0.357310461,-0.852047999,-1.3055574,-1.4704699,-1.511698,-1.4704699,-1.0169605,-0.728363609,-0.43976671,0.0137426899,0.673392735,0.755848985,0.755848985,0.178655197,-0.398538591,-0.274854201,-0.027485438,1.08567409,1.53918349,1.66286789,1.53918349,1.08567409,0.590936476,-0.027485438
2,0.0653892517,-0.529878454,-1.12514611,-1.39572231,-1.44983761,-1.28749181,-1.99099002,-0.746339436,0.552426455,1.47238561,1.85119232,1.74296181,1.25592461,0.498311214,-0.0969564847,0.173619742,0.119504501,0.0653892517,0.0653892517,0.281850232,0.0112740062,-0.0969564847,0.552426455,0.0112740062
2,-0.896040704,-1.23125019,-1.41174759,-1.48910369,-1.48910369,-1.43753299,-1.48910369,-0.741328635,0.47058254,1.2183575,1.1925722,1.1410015,1.1152162,0.754221339,0.728435989,0.857362709,0.831577369,0.960504088,0.290085131,0.367441161,0.00644634639,0.0580170359,0.264299781,-0.0709096866
1,-1.114926,-1.3384192,-1.5212772,-1.6025474,-1.6025474,-1.5009596,-1.0336558,-0.0787305416,0.490161101,0.733971802,0.693336681,0.937147382,0.977782502,0.551113771,0.551113771,0.733971802,0.815242032,1.0996878,1.0387352,1.0793703,0.612066451,0.2463504,-0.160000771,-0.606987062
2,0.20810137,-0.564846556,-1.04050679,-1.27833699,-1.33779449,-1.09996439,-1.81345479,-0.743219156,0.32701643,1.69453969,2.22965749,1.81345479,1.0405068,0.20810137,-0.0297287607,0.029728772,0.029728772,0.029728772,-0.148643828,0.029728772,-0.208101368,-0.267558898,0.743219168,0.148643831
1,-1.14549139,-1.38878159,-1.60774279,-1.63207179,-1.58341379,-1.34012359,-0.902201154,-0.488607805,0.533211041,1.1657656,1.0927785,0.97113341,0.703514181,0.460223972,0.387236912,0.581869081,0.557540061,0.387236912,0.314249852,1.3360687,1.1171075,0.703514181,0.0709596569,-0.293975646
2,-0.880084762,-1.258303,-1.461959,-1.5492401,-1.6074275,-1.5201464,-1.0255533,-0.792803622,0.341851101,0.778256783,1.2437561,1.2437561,1.156475,0.661881922,0.720069362,0.807350493,1.0691939,0.865537913,0.487319662,0.429132242,0.225476261,0.516413372,-0.0945545579,-0.356397961
1,-0.411371842,-0.673484873,-1.1103399,-1.2413964,-1.4161385,-1.3287674,-0.848226893,-0.586113862,-0.804541383,0.0691687133,0.680765781,0.768136791,0.637080281,0.0691687133,-0.367686332,-0.498742852,-0.367686332,-0.0182022969,1.7729034,2.0350164,1.5544759,1.4234194,0.637080281,0.0254832082
1,-0.986736886,-1.38441429,-1.50371749,-1.58325289,-1.62302069,-1.34464649,-0.986736886,-0.0919628833,0.922114335,1.12095299,1.12095299,1.00164979,0.802811136,0.325598328,0.345482188,0.385249928,0.524436997,0.743159536,1.22037239,1.14083689,0.544320867,0.265946718,-0.27091769,-0.688478888
2,-0.889961752,-1.2677414,-1.4421013,-1.5292812,-1.5292812,-1.4711613,-1.1805615,-0.715601902,0.243377301,1.0570566,1.2604764,1.3185964,1.0861166,0.737396882,0.824576812,0.882696763,0.969876693,0.621156982,0.446797121,0.185257341,0.0980774184,0.592097002,0.0980774184,-0.395942171
2,-0.0269522819,-0.6276032,-1.1820502,-1.5978855,-1.4592737,-1.2282541,-1.7827011,-1.2282541,0.342679052,1.3591652,1.6825926,1.5439809,0.897126053,0.435086882,0.0654555533,0.157863381,-0.0269522819,0.157863381,-0.0269522819,0.111659471,0.157863381,1.0819417,0.897126053,0.296475132
1,-1.06440999,-1.32375859,-1.56149479,-1.60471959,-1.58310719,-1.43182049,-0.913123234,-0.0702402386,0.642968458,0.902317066,0.902317066,0.859092296,0.664580837,0.362007459,0.362007459,0.513294148,0.599743688,0.642968458,1.35617709,1.37778949,0.837479917,0.362007459,-0.0486278537,-0.783448925
2,-0.780459495,-1.13593889,-1.38203999,-1.46407369,-1.46407369,-1.38203999,-1.49141819,-0.671081226,0.231289461,1.2430384,1.461795,1.4071058,1.2977276,0.696147089,0.696147089,0.832869928,0.860214498,0.45004599,0.36801229,0.258634031,-0.0148116334,0.0398774994,0.203944891,-0.260912737
2,0.322198503,-0.0847890673,-0.54991772,-0.840623121,-0.956905281,-1.0150464,-0.724340961,-1.480175,-1.1313285,-0.375494479,0.264057423,0.496621744,0.496621744,0.147775263,-0.259212319,-0.259212319,-0.66619988,-0.43363556,-0.49177664,0.205916343,2.18271301,2.24085411,1.71758441,1.19431471
2,-0.760221462,-1.2361862,-1.3948411,-1.5799385,-1.6857084,-1.3948411,-1.4741686,-0.601566541,0.588345303,1.117195,1.3022924,1.2494074,0.932097624,0.720557733,0.747000213,0.826327673,0.852770163,0.614787793,0.509017842,0.403247902,0.191708021,0.0859380821,0.191708021,-0.20492926
2,0.506321372,-0.349433059,-0.86288571,-1.2622378,-1.3763384,-1.2051875,-0.86288571,-1.6045395,-0.976986301,-0.064181577,0.734522562,0.791572852,0.791572852,0.164019601,-0.349433059,-0.235332469,-0.235332469,-0.292382759,-0.064181577,1.019774,1.019774,2.3319308,1.4761764,0.905673443
1,-0.46880101,-0.898535272,-1.3673363,-1.4454698,-1.4845365,-1.250136,-0.742268261,-0.50786776,0.507867763,1.44546981,1.48453651,1.21106931,0.820401774,0.195333752,-0.31253401,-0.31253401,-0.42973426,-0.42973426,-0.117200249,1.71893701,1.48453651,0.937602034,0.195333752,-0.2344005
1,-1.0667555,-1.3887949,-1.5498146,-1.6418258,-1.618823,-1.4348005,-0.974744228,-0.35366826,0.635452727,1.23352589,1.0495034,0.796472406,0.589447097,0.382421778,0.474433027,0.543441467,0.543441467,0.359418958,0.451430217,1.41754839,1.0265006,0.773469596,0.0833851956,-0.33066545
2,-0.199344631,-0.705914535,-1.21248441,-1.55019761,-1.55019761,-1.49391211,-1.09991331,-0.931056707,-0.255630171,1.15150841,1.71436381,1.48922161,1.15150841,1.09522281,0.0820830873,-0.199344631,-0.0304879996,-0.0304879996,-0.086773544,0.0257975429,0.476081905,1.48922161,0.532367445,0.138368622
2,-0.981614236,-1.3422072,-1.5345235,-1.6547212,-1.6066421,-1.4383654,-0.981614236,-0.452744526,0.749232104,1.3021413,1.3742599,1.2300228,0.989627434,0.773271634,0.653073974,0.412678644,0.677113504,0.484797244,0.244401914,0.196322854,0.148243784,0.749232104,0.244401914,-0.236388736
2,0.298284128,-0.518072438,-1.08324239,-1.33442899,-1.27163239,-1.20883569,-1.96239559,-0.769259077,0.486674097,1.61701399,1.99379399,1.67981069,1.24023399,0.549470757,-0.204089139,-0.0156991684,0.109894149,-0.0784958271,-0.0156991684,-0.0156991684,-0.0156991684,-0.266885799,0.737860736,0.0470974903
1,-0.459503338,-0.931098865,-1.43897099,-1.51152419,-1.62035389,-1.40269439,-0.894822285,0.0120921872,0.483687706,1.31804909,1.35432559,1.10038959,0.519964286,0.193475088,-0.314397019,-0.205567279,-0.314397019,-0.241843859,0.302304817,1.68081489,1.68081489,0.846453504,0.120921928,-0.278120439
2,-0.953237483,-1.6211995,-1.3707138,-1.454209,-1.454209,-1.565536,-1.1480597,-0.257443703,0.661004087,1.1898074,1.2176391,1.2454709,0.994985107,0.605340587,0.661004087,0.716667597,0.911489857,0.521845337,0.466181827,0.271359577,0.744499347,0.299191327,-0.173948453,-0.507929463
2,-0.829039734,-1.19437921,-1.50351271,-1.64402791,-1.58782181,-1.47540971,-1.44730661,-0.210772811,0.688524513,1.27868841,1.25058531,1.25058531,0.997657964,0.660421473,0.632318433,0.857142754,0.772833633,0.604215382,0.295081931,0.15456673,0.12646369,0.210772811,0.323184971,-0.210772811
1,-1.11898161,-1.40209742,-1.54365532,-1.60432302,-1.54365532,-1.38187492,-1.05831391,-0.208966467,0.458378009,0.963941993,1.0043871,0.6606036,0.721271281,0.5594908,0.59993592,0.883051752,0.802161512,1.0650548,1.1054999,1.0043871,0.57971336,0.276374967,-0.249411587,-0.57297254
1,-0.0526207275,-0.575198958,-1.0977772,-1.3590663,-1.4461627,-1.4026145,-0.967132627,-0.618747138,-0.836488067,-0.1397171,0.557053877,0.600602067,0.557053877,0.121572019,-0.357458029,-0.313909839,-0.531650769,-0.0526207275,1.47156579,1.55866219,1.90704759,1.55866219,1.1231803,0.295764758
2,1.20900651,0.570286114,-0.25092589,-0.34217166,-0.707154772,-0.615909002,-0.34217166,-1.34587521,-0.980892104,-0.433417441,0.114057222,0.387794553,0.296548783,-0.15968011,-0.433417441,-0.707154772,-0.524663221,-0.889646333,-0.707154772,-0.433417441,-0.25092589,2.21271011,2.21271011,2.12146431
2,-0.815954005,-1.08058769,-1.34522149,-1.43343269,-1.52164399,-1.43343269,-1.52164399,-0.668935266,0.15436968,1.18350089,1.33051959,1.30111579,1.24230839,0.801252126,0.801252126,0.860059626,0.918867116,0.654233387,0.477810908,0.360195908,-0.139667799,-0.169071549,0.15436968,-0.110264059
1,-1.2385691,-1.3335393,-1.5044856,-1.5614677,-1.5424736,-1.4854915,-1.0106408,-0.136915311,0.603851919,1.0027266,1.0027266,0.90775642,0.755804169,0.527875789,0.508881759,0.641839979,0.717816109,1.0976967,1.1356848,0.92675045,0.527875789,0.299947409,-0.269873531,-0.573778032
1,-1.0379296,-1.3016576,-1.4694845,-1.5893609,-1.6133362,-1.5174351,-1.0619049,-0.00699277781,1.2157462,1.1438204,1.1198451,1.0958698,0.975993462,0.352636333,0.424562153,0.448537433,0.448537433,0.304685783,0.448537433,1.2157462,0.664314903,0.352636333,-0.102893887,-0.510473546
2,-0.373579071,-0.986631924,-1.44642151,-1.67631641,-1.75294801,-1.36978991,-0.910000313,-0.986631924,-0.22031586,0.852526624,1.0057898,1.31231621,1.23568461,0.775895014,0.469368593,0.775895014,0.929158225,0.392736992,0.162842171,0.00957895634,-0.373579071,1.31231621,0.929158225,-0.0670526497
1,-1.159152,-1.3014,-1.5249326,-1.5655749,-1.6062172,-1.443648,-1.0778674,0.0194744342,0.730714513,1.1777797,1.1777797,1.0964951,1.0355317,0.791677953,0.710393373,0.486860772,0.446218482,0.486860772,0.263328172,0.893283673,0.669751082,0.466539622,-0.122773589,-0.65112336
2,-0.694919295,-1.23582949,-1.41613289,-1.50628459,-1.50628459,-1.50628459,-1.05552609,-1.01045019,-0.0638574418,1.1081146,1.3785697,1.3334938,1.1081146,0.747507809,0.612280259,1.0630387,0.927811198,0.612280259,0.251673481,0.161521791,0.0262942508,0.657356109,0.206597631,-0.199084987
2,0.984033085,0.169660878,-0.519423308,-0.832643387,-0.895287397,-0.707355357,-0.707355357,-1.77230369,-0.895287397,0.482880957,0.670813006,0.733457026,0.733457026,0.420236937,-0.519423308,-0.644711348,-0.707355357,-0.769999377,-0.707355357,-0.26884724,0.232304898,2.42484549,1.92369339,1.17196519
