1,0.0994420842,0.702427216,0.719884433,0.171994047,0.905781804,1.8974381,0.920618622,-0.588367905,-0.255959521,-0.324375248,-1.88121526,-1.88285104,-0.189729515,-0.140648283,-0.154439544
1,-0.232856597,0.294216211,0.739520419,-0.0976558406,0.0953003947,-1.03883832,-0.714650842,-1.81073076,0.518823556,0.976028624,1.70492082,-1.35312184,1.46594059,-0.562425286,0.0155288629
1,-0.0252198332,0.747911988,1.47068454,0.406825117,0.69819246,0.075035252,-0.927959557,-0.911311511,1.34215279,-1.30521526,0.449361822,-0.135272958,-1.41693461,1.00771881,-1.47596904
1,0.494343324,0.465769357,1.14220465,-0.34837393,0.430593154,0.159634207,1.52964904,-1.840156,-1.66117287,-0.799411581,0.781437656,-0.171575249,0.656094687,0.403496218,-1.24253266
1,-0.10301389,0.353679069,0.894615905,-0.456745495,0.268141058,0.982930134,1.14013595,0.382146623,-1.28277586,0.528012654,-0.027558894,-2.00798549,0.546104136,-1.90781604,0.690130148
1,-0.301380357,0.0389287212,0.834804644,-0.426805199,0.160276632,-0.197962101,-2.15233376,-0.122372671,-0.0921005687,-1.25608006,-1.07484083,0.686004001,1.24519756,1.23101691,1.42764707
1,-0.433486217,0.346252072,-0.0319743246,-0.0919295345,0.175662981,0.611642736,-1.93335683,-2.06414016,-0.551711289,-0.440676718,1.44567937,1.11499398,1.05492754,0.488694916,0.309421483
1,-0.387704186,0.431773421,0.870589096,-0.136801722,0.422634346,0.174087222,1.41560554,-0.698690478,-1.73901966,-2.2132882,0.914647206,0.735121956,0.813775839,-0.156636792,-0.446093595
1,0.2714029,1.01313333,0.971971216,0.0605205239,0.473868935,-0.379608085,1.23503725,-1.47419345,1.48020468,0.55280306,-1.2535323,-1.81363331,-0.384870975,-0.158172957,-0.594930805
1,-0.0765798608,0.80574431,0.405928496,-0.0271006157,0.464716913,-0.720403886,-1.69214606,-0.0136150149,-1.13824328,0.0517980433,0.412951937,-1.0628477,-0.897550689,1.52451223,1.96283517
1,-0.542974505,0.0484230521,0.485588531,-0.623297772,0.3156315,1.33378524,0.24871133,-0.235550486,-0.209479036,1.78098565,0.460186068,0.851707441,-1.45815969,-2.17342954,-0.282127776
1,-0.185810278,0.299511447,1.23279968,-0.0160005273,0.273865992,0.999118225,-0.941363027,1.52825681,-1.76175925,-0.72530722,-1.57682824,0.144042047,-0.142799964,-0.436479213,1.30875352
1,0.0568324552,0.245636173,1.10387833,-0.115450642,0.170650182,1.68551505,0.453319189,-1.59497605,-0.782338488,-0.0117427954,0.735318736,-2.09280937,-0.964800619,0.508974304,0.601993535
1,-0.0841131848,-0.161528073,0.365230595,-0.848155621,0.157646702,0.160956257,1.40282394,-2.70128186,-0.147318368,0.0585572274,-1.03743143,0.656316251,0.313653146,1.3957334,0.468911025
1,-0.0173456539,0.808059311,0.896991163,-0.253867306,0.405906526,0.523608422,-1.72272759,-0.68142513,1.11792997,-0.323288376,-1.32193711,-1.26983018,-0.698687859,1.57408652,0.962527291
1,-0.509150612,-0.144600292,0.664688881,-0.0129886605,0.538015481,-1.94749385,0.105178552,1.18034541,0.592416113,-0.0892088703,-1.26045906,0.953949476,0.443733922,-1.77452943,1.26010294
1,-0.941731536,0.220450783,0.742541049,-0.331668309,-0.364680477,1.02271028,-2.04265573,0.183818515,0.392140709,0.012239382,0.809274229,1.73411472,0.741055118,-0.713400001,-1.46420874
1,-0.363214209,0.157603547,0.895412628,-0.118287986,0.24404092,-0.323392508,-1.3834787,0.318549115,0.783792688,-1.39496064,-0.720443897,1.23122222,1.78856034,-1.66034651,0.544942989
1,0.213551231,0.625926192,0.759632886,0.090783064,0.0769318238,-0.603170581,-1.32036079,-1.505471,-0.294307209,0.45111887,1.53278239,1.48245478,-0.689633257,-1.62432496,0.80408655
1,-0.395355989,0.411635591,0.59943082,-0.150124865,0.17882526,-1.39874449,1.99406382,1.11088039,-0.890097263,0.639613432,0.123213398,0.29107798,-2.15124938,-0.403483657,0.040314948
1,-0.37530991,0.469955422,0.600652808,-0.277354213,0.418994129,-1.47032631,1.59917241,-1.83710455,-1.30695401,0.9413945,0.217786949,0.379360748,0.191114235,-0.777689704,1.2263075
1,-0.179639085,0.516600734,0.96343486,-0.22208892,0.566848712,-1.46704244,1.56722689,1.38876493,-1.09914283,1.01691562,-0.606222306,-0.84436601,-0.510564908,0.372982365,-1.46370761
1,-0.244674667,0.444612925,1.34875411,-0.289260172,0.55948243,-1.02227462,1.89552148,-1.47010105,-1.60666689,0.967691989,0.117873832,0.614093308,-0.766789663,-0.474513803,-0.0737492131
1,0.0356874737,0.812065417,0.979619489,-0.0922423824,0.784368972,-1.25581718,0.727286861,-1.5803979,1.36593382,1.18501599,-0.848226865,-0.0916080105,-1.68478871,-0.528320877,0.191423905
1,-0.744784191,0.0360655401,0.461234503,-0.53980283,0.133283213,-0.553609113,0.741101918,-1.64307019,1.04560225,1.06501385,0.429473463,-0.0836396176,0.78661854,1.11945993,-2.25294727
1,-0.554176269,0.269393121,0.586739785,-1.25578542,0.524750156,-1.27278456,1.44145921,-0.0942324583,-0.477948576,1.86381967,-1.33149404,0.0891983353,-0.396775713,-0.668648501,1.27648527
1,-0.288514032,0.11604306,0.178853301,-0.368049958,0.168093993,-2.02047909,0.987574263,1.37274179,0.148054199,1.08135536,0.543942212,0.852129292,-1.9552255,0.0367264251,-0.85324531
1,0.270362759,0.334465221,1.05414749,0.243585224,0.417249207,1.02240257,-1.01813728,0.0527467369,-1.14531049,-0.959134363,1.89699794,0.943641855,-0.535763064,-1.12011872,-1.45713508
1,-0.0786323852,0.518201332,0.886820586,-0.190276784,0.219348817,0.527120896,0.807140207,1.35785757,-0.287913741,-1.67182344,0.261890594,-0.951915842,1.42677512,-1.09297124,-1.7316217
1,0.116321479,0.205966163,0.837505438,-0.0844945747,0.329019758,-1.59001483,-1.79466782,-0.220332639,-1.26262137,0.920762236,1.46381015,1.06505793,1.04046674,-0.534599374,-0.492179285
1,-0.120421261,0.409162749,0.671570104,-0.356738987,0.271907645,-0.739569444,-0.394322493,-2.48392202,-0.870192275,-0.201554526,1.38826795,1.14732012,-0.110038217,-0.104468871,1.49299952
1,0.321536184,0.255998785,1.08872026,0.514715341,0.509427371,1.15178396,-1.2019977,-1.48178372,1.54753756,-0.382658197,0.881208867,-0.149807539,-0.453573779,-1.63622561,-0.964881783
1,0.0799700556,1.00289469,1.13750874,0.467557256,1.07798741,0.342387043,1.14162999,-1.77830929,-0.604943383,0.0760903051,-1.58460804,0.828652707,-1.16137554,-0.891092148,-0.134349796
1,-0.502339909,-0.268962431,0.621531068,-0.626565284,0.131001466,-0.41933141,0.461929991,0.2832084,-2.05954866,0.517565402,-0.824938785,-1.3380797,1.27405193,1.48357575,1.26690218
1,-0.108241442,-0.245690607,0.933395115,-0.228012532,0.384596237,1.82857569,0.702985962,-1.19598146,-1.85818124,-1.32682059,-0.162351224,0.418549591,1.37243103,0.0229051461,-0.538159669
1,-0.487646044,-0.0722063863,0.444057738,-0.388244562,-0.0958088407,0.263651118,-1.88874112,1.31160431,-1.40231439,0.972333454,1.12352338,-0.878874745,1.27595248,-0.940791295,0.763504902
1,0.114161314,-0.134563356,0.65983904,-0.434928827,-0.00512432406,-1.93580078,0.774527133,-1.80877744,-0.0828211581,0.730296998,1.04987387,1.08419523,-1.35444905,0.963640505,0.379930856
1,0.222803827,0.37343747,0.701895691,-0.193919852,0.251876761,-1.3272711,-1.7211449,0.519402278,0.261253999,0.0753139057,-0.888673474,-1.79007117,1.16525195,1.03943555,1.31040907
1,-0.421131634,0.709943102,0.96349434,0.162429513,0.173375626,0.498322248,-1.71382049,-0.873457194,-0.677499647,1.12749529,-0.0384568995,2.14103085,-1.06113485,-0.0193503863,-0.971239865
1,0.412080234,0.672782918,0.902809191,-0.297969204,0.838034889,-0.795072951,0.111163905,1.60802171,0.864629272,-0.907522907,-1.57648803,-1.18152835,0.452173173,-1.61827437,0.51516052
1,0.217858018,0.776683944,1.10688713,0.206376124,0.846112598,0.518782479,-0.737586948,-0.724659358,-1.16046035,1.50498099,0.559222951,-1.363607,-1.36289853,0.881064875,-1.26875693
1,-0.158142491,0.193783079,0.954707889,-0.234932755,0.413381015,-0.413013177,-1.19262394,-1.11740297,1.31457036,0.852320028,0.760656625,-1.95597696,1.51447663,-0.896956361,-0.0348469851
1,0.878727185,1.00596402,1.04718068,0.268085514,0.857240521,-1.17681065,0.0630425137,-0.084516202,-0.521158852,0.894771752,-1.36238448,-1.36119223,-1.77496925,0.330124927,0.935894559
1,-0.613931321,0.412842987,1.0352761,-0.0425897194,0.027029921,0.0478787298,0.338222065,1.94655497,0.883670356,-1.62248008,-1.49525825,-1.32333492,0.226420747,-0.618954555,0.798652972
1,-0.0688801798,0.474836082,0.630635615,-0.389293455,0.570677093,1.17574384,-2.08924202,0.0182105542,-1.01755335,0.373380804,0.729822188,-0.181786467,0.691603735,1.04207092,-1.96022537
1,0.488655063,0.285755382,1.03801382,0.112753218,0.526704565,1.26964004,0.683303136,-1.12481221,-1.00432698,-0.386223135,-1.64930059,1.76719789,-1.21891412,-0.686000195,-0.102445875
1,-0.383998908,0.545017441,1.13454199,-0.231039276,0.290376232,-1.64583045,1.85790703,-0.27664487,0.443986987,-0.439124004,-0.628084983,0.986330811,-1.8310885,-0.530670723,0.708321217
1,0.103914155,0.346308931,1.14198002,0.0470097416,0.715863344,-1.84780606,0.119879957,-1.68680446,-0.0734424552,-1.33974181,1.04924498,0.847740401,-0.279466478,-0.497717761,1.35303749
1,-0.17809271,-0.0255921647,0.639391055,0.183588705,-0.0894980035,-2.0320212,-0.790522735,-0.480846034,1.56009427,0.455628472,0.935462271,-0.309318185,0.612565704,1.24765693,-1.72849638
1,-0.347950652,0.128716037,0.792238966,-0.146871199,0.611646662,-0.850541137,0.159037088,1.84998719,-2.01236167,1.18074222,-1.20902768,-0.0926851476,-1.06793048,0.269805289,0.735194514
2,-0.842591194,1.99065854,-0.264640281,-1.45668895,-0.541635737,-0.490973881,-0.136543529,-0.0569924076,-0.288300475,0.137241176,1.29372418,0.0799437848,1.84634607,-0.0952877295,-1.17425956
2,-1.44958946,-0.241144325,0.61888231,1.49699911,-0.46162275,-0.858918605,-0.654830112,-0.362877791,-0.5442479,-0.414283917,0.0149005844,-1.23093991,1.04398106,1.52238819,1.52130352
2,-0.0171100434,1.84116357,-0.254430556,-0.412868195,1.38343078,-1.64942858,-0.528272355,-0.416226515,-0.681204824,-0.633500234,-0.337751138,1.75136377,0.205817823,-0.889444167,0.63846067
2,-1.20179761,-0.30244225,0.379447857,0.952604306,0.495475625,-0.46721141,-0.402420911,-0.0194135164,-0.412561887,-0.254929182,0.669021808,-1.59876711,-1.22613096,2.08273059,1.30639465
2,0.384828467,-1.17232298,-0.628671416,1.32037292,-0.754129352,-0.948726323,-0.641828606,-0.377973496,-0.899904399,-0.46486878,1.54162583,1.73608082,1.26701601,0.157011611,-0.518510292
2,1.00604977,0.523849238,0.351929186,0.685895926,2.14774057,-0.95403185,-0.432169971,-0.541627499,-0.94187466,-0.351950957,-0.9533834,1.23715956,-1.45448574,0.337355832,-0.660456009
2,0.72495359,-1.71087058,-0.920758276,-0.16685646,1.70267959,-0.257306303,0.0570543415,-0.063666626,-0.416421743,0.090989344,-0.711089285,-0.843790965,2.28291804,0.290885219,-0.0587198844
2,-0.596384948,-0.953349668,0.610780897,-0.970489671,-1.09302942,-0.519621426,-0.648681862,-0.0812028903,-0.34270804,-0.0651130978,2.16910096,1.47161961,-0.261840528,-0.267051323,1.5479714
2,-0.550654929,-1.20268537,0.378827145,1.90510094,-0.297002798,-0.84984825,-0.576092831,0.0167694243,-0.848365327,0.0035476775,1.96346094,0.143904695,0.789621403,0.492156446,-1.36873917
2,1.06154429,1.75587256,-0.921433364,-0.941462068,1.36522519,-0.778068484,-0.529887091,-0.128461328,-0.492966524,0.136849191,-0.565969329,0.79587114,-0.850539453,1.33994012,-1.24651484
2,-1.31340229,-0.850439879,-1.21971108,0.680263755,1.41442303,-0.510125479,-0.457296416,-0.267021067,-0.864770935,-0.154830537,1.49111368,-0.743398776,1.66364068,0.33745798,0.794097332
2,1.81144091,-0.333034529,-0.116403032,-1.25264045,0.967280874,-0.826297498,-0.551917688,-0.170708277,-0.695032375,0.0260675239,0.290398293,-0.526441271,2.3770701,-0.696731065,-0.303051523
2,-0.903040689,0.178423998,0.0599682928,0.458881689,1.23118597,-1.13160698,-1.38451384,-0.775916333,-0.504443654,-0.615433146,0.682658127,2.21187403,0.761622313,0.577623216,-0.847282998
2,0.614341687,2.06573304,-1.43278611,-1.33501633,1.4215417,-0.323483669,-0.441658736,-0.404197526,-0.384098915,0.107794644,-1.3113494,0.231954266,0.292087392,1.00373269,-0.104594725
2,-0.968851381,-0.940514247,1.98258119,-0.163634705,0.825917165,-0.950919068,-0.566690779,-0.559445791,-0.490738247,-0.410650901,1.52095912,-0.176221174,0.888050265,-1.1031485,1.11330705
2,0.694000542,-1.08545483,-1.57066133,-2.04672681,0.539311182,-0.621370917,-0.358749406,0.255389167,0.238249717,-0.0527868134,0.923356867,1.08066825,-0.275470855,0.970452725,1.30979251
2,-0.86939156,0.947975889,-0.109451,0.352025902,1.32751494,-0.681299009,-0.44439974,-0.359933878,-0.768387814,-0.48751556,0.961681865,1.47555544,-1.39598827,1.39981298,-1.34820018
2,-0.223286071,0.35651736,-1.1180763,0.998758349,1.5204146,-0.885422246,-0.555974143,-0.459292604,-0.701384052,-0.21232741,0.616652535,-0.896014498,1.02115754,-1.32019743,1.85847437
2,1.5253309,1.26010316,-1.50975981,1.33319725,1.24119552,-1.01181864,-0.560235793,-0.448196527,-0.758672785,-0.0911764493,-0.0266247287,0.815566186,0.0647776323,-1.00191871,-0.8317672
2,-1.57199364,0.892510336,0.405770344,-0.946262617,-0.648969691,-0.611848871,-0.170052259,-0.216518671,-0.00525131924,-0.284367797,1.59492421,1.93494094,0.572698349,0.437475179,-1.3830545
2,1.74448555,-1.3817907,0.83758474,1.89986345,0.245108356,-0.795976518,-0.536470967,-0.66492368,-0.736925805,-0.306886854,-1.36238548,-0.234124608,0.704698463,0.0755319433,0.512212113
2,-0.0717765779,0.903568526,-0.852407137,-0.703124962,-0.463242764,-0.520356293,-0.170859044,0.13674851,-0.715081186,0.612249976,-0.642469546,2.41828559,1.06571873,-1.64843003,0.651176204
2,-1.41240773,-0.914580592,-0.198519567,0.388054806,-0.770677891,-0.643639467,0.176256524,0.314221993,-0.639753298,0.0487973642,-0.518968703,-0.286153215,0.247250219,2.38261025,1.82750931
2,-0.978323701,1.18646537,-1.06280153,0.0663407182,0.888211494,-0.815654682,-0.209543416,0.0212793768,-0.353109556,0.0561257094,0.408212175,-1.27850473,0.241083097,2.54922121,-0.719001532
2,0.191738486,2.01954138,-0.473258593,-1.69512234,1.11888793,-0.854843377,-0.851377197,-0.411340294,-0.796944459,-0.447366959,0.457712101,1.28588519,1.01907864,-0.193175762,-0.369414748
2,1.04716054,0.0175256674,0.83067136,1.45632966,0.442618246,-0.792230602,-0.618234167,-0.885766053,-0.898940551,-0.551623219,1.36459954,-1.57580546,-0.0683313897,-1.02692972,1.25895616
2,1.25319765,1.04584986,1.54961929,0.941305127,1.24324639,-1.42789677,-0.917044184,-0.599748033,-1.04104833,-0.10727644,0.130156684,0.114046471,-0.137266554,-0.914880382,-1.13226078
2,1.37478349,-1.16008839,1.45095564,0.677768536,1.31187807,-0.843480679,-0.619898787,-0.423396298,-0.627478024,-0.777069637,-0.941510839,-1.11736529,0.695039439,1.2375098,-0.237647026
2,-0.198572965,1.07667959,1.0873375,0.197098717,-1.07360699,-0.826891519,-0.635406195,-0.143130083,-1.00284054,-0.43136169,0.986028981,1.92086301,-1.76645124,0.497957372,0.312296045
2,-0.605635129,0.732016177,1.41951466,-0.92297561,0.23998958,-0.518324513,-0.387699832,-0.239570806,-0.83839127,-0.420354218,0.74224069,0.391155189,-1.89951397,0.193976092,2.11357296
2,-1.12853707,0.300030047,1.13622923,1.13341627,-1.06414116,-0.855219162,-0.342083092,-0.732173827,-0.871186257,-0.16772635,1.45983444,0.674380511,1.75392716,-0.292147794,-1.00460295
2,-0.510708993,-1.2507628,1.84663313,0.101130047,-0.991541409,-0.656986751,-0.000634764044,0.00833775694,-0.208557477,0.399543067,2.19638357,0.578907442,0.0418751613,-0.156870203,-1.39674778
2,-1.23565379,-1.05543645,-0.796656317,0.318008298,1.5505945,-0.603745517,-0.0558504511,-0.081680529,-0.197790104,0.277253799,1.64602549,1.77958033,-0.987958739,-0.878956957,0.322266427
2,0.283499865,-0.140879931,0.22699172,-1.27994975,2.21952826,-0.667038174,-0.910471659,-0.444250567,-0.724655814,-0.570474539,1.7516415,0.765935905,-0.814533981,0.698714282,-0.394057108
2,-1.56222688,1.03807112,0.860316075,-0.238662554,0.56447159,-0.834548905,-0.462934778,-0.339084685,-0.475707665,-0.305667214,1.65716935,-1.63553655,-0.409634463,0.813793473,1.33018209
2,-1.48499598,1.03185314,-1.04463226,1.16382067,0.761313213,-1.08546896,-0.745246202,-0.506966545,-0.843840894,-0.526480047,-0.744831114,1.10580967,1.23834273,0.827802919,0.853519647
2,1.31179173,1.38442967,-1.1001857,-0.0925934999,1.17792195,-1.04031441,-0.927156942,-0.512245561,-0.557961578,-0.249448441,1.05815151,-0.0657806304,1.50221968,-1.02732541,-0.861502361
2,-1.31014799,-0.766854099,1.49297518,-1.20281741,-0.980940415,-0.34575146,-0.201393466,-0.187818243,-0.480225007,0.312386215,0.436057074,-0.392991858,0.140272834,1.53248264,1.95476601
2,0.252092947,0.13391297,1.60851307,0.569613071,-0.995280067,-1.44594705,-1.14986264,-0.984858768,-0.906667566,-0.453740105,1.19461719,0.455585806,-0.390009661,1.59833796,0.513692848
2,-0.913071027,-0.0054524637,0.868541118,1.43179008,-1.16670586,-0.979290209,-0.0497231854,-0.555092612,-0.633721415,-0.453937809,-0.439587678,1.77151853,0.0889717627,1.79216042,-0.756399655
2,-1.02927619,1.55145952,-0.246155144,0.0649231158,1.23049195,-0.863460806,-0.718674288,-0.670790186,-0.79681153,-0.503200321,-1.497695,0.389583548,1.16034995,1.57790548,0.351349894
2,0.223370461,-1.18254012,-0.0265850284,-1.13130119,0.383874827,-0.629091277,-0.545613852,-0.234972577,-0.49407718,0.0251621092,-1.46336023,1.69497814,0.328799314,1.94550924,1.10584738
2,-0.267325983,0.133917515,0.142744327,0.551803228,-0.665187727,-1.32039125,-0.470314357,-0.276181823,-1.13655126,-0.26835522,2.20425011,-0.837725996,-0.551717606,1.55664494,1.2043911
2,-0.290682794,2.08411769,-0.198825826,1.13161689,-0.00805787643,-0.513227735,-0.56378143,-0.383602053,-0.388048812,0.0574091662,0.778666236,-1.29056699,-0.740230292,1.66207614,-1.33686232
2,1.31091357,2.57938154,-0.526826329,-0.42972528,-0.947988975,-0.696868398,-0.236637582,-0.563236267,-0.597536598,0.208426405,0.287216115,-1.49790792,0.7594327,0.0284221278,0.322934883
2,-0.56413431,1.53019399,-0.946686873,0.755587507,-0.534753072,-0.812731225,-0.538288496,-0.434643613,-0.819751771,-0.260584117,-0.489380368,1.55164555,0.856590705,-1.07435316,1.78128925
2,1.2716413,-0.723862819,0.383279226,0.0914444802,-0.41216344,-0.930525701,-0.571709396,-0.651718569,-0.694252346,-0.174147001,1.57140924,-1.75894887,1.0831593,1.62935701,-0.112962422
2,0.959500186,0.527444438,0.548106661,-0.593540077,-0.133604172,-0.911528872,-1.19759825,-0.203401119,-0.840735864,-0.202054762,1.49598592,-1.6515909,1.23052318,-0.544203077,1.5166967
2,-1.2118827,-0.415793438,0.469160267,-0.454544333,2.09656482,-0.748812566,-0.144895517,-0.335595059,-0.693742697,0.141485102,-0.273759991,1.31880665,0.047105874,-1.39753173,1.60343531
2,-0.941145072,1.75865076,-0.157590553,1.15844231,-1.43891231,-0.70739881,-0.527085075,-0.217089143,-0.498701131,-0.0427501488,1.40730045,1.29868856,0.0373343081,-1.3399754,0.210231273
3,-0.823307956,-0.646718718,-0.443774966,1.00028749,-0.20827491,-1.62975324,-1.06047592,1.21195302,-0.644775743,-1.31139866,0.920091408,0.676301557,0.911897636,0.873250931,1.17469808
3,-0.664040802,-1.04109724,-0.285253324,-0.558473244,-1.38524193,0.755472534,0.900386902,0.916041174,-1.26406723,-1.51199159,0.968823292,0.14687215,0.910655171,1.19539269,0.916521431
3,-0.336183577,-2.26659627,-0.635546421,-0.0479793361,-0.129905876,0.292762963,-0.0453964264,-1.2083384,0.691276171,-1.05433877,1.31100935,0.304297278,1.1359901,0.760696815,1.2282524
3,-1.13639889,0.559670501,0.547781245,-1.42531068,-0.654015856,-1.36365548,-0.300067293,-1.69336789,0.78537359,1.35821551,0.687075054,0.398597055,0.562738315,0.767035601,0.906329215
3,-1.22552296,-0.338328118,0.111012463,-0.875306408,-1.89778225,-0.615621823,0.572984001,0.903733686,-1.45380322,1.04720634,0.958260304,0.446348911,0.735407472,0.441354081,1.19005752
3,-0.487835526,0.0148492044,-1.24784721,-0.607320177,0.0392010003,-0.899144199,1.03148143,-1.59201718,0.165623128,-1.40300705,1.22980465,0.828235018,1.21059599,0.476020804,1.24136012
3,-0.693907737,-0.300428034,-0.578246186,-1.55186375,-0.298386463,0.90065103,-1.27988706,-1.11751326,-0.872110153,0.805053534,1.04757752,0.379453073,1.14994494,1.09822219,1.31144036
3,-1.01127897,-0.823051725,0.933725969,-1.79014046,1.09155739,1.03777135,-1.28442852,-1.39753795,-0.0897346462,0.239852614,0.813542078,0.177960329,0.856066756,0.417559905,0.828135889
3,-0.0712965529,-0.082304731,-1.08653853,0.510122155,0.781371521,-0.11263062,-1.21180197,-1.63071475,-1.02452349,-1.16376742,0.959485409,0.652508346,1.22552278,1.16336608,1.09120178
3,0.566222193,0.442895107,0.373640445,-0.115076867,-1.56409473,0.586159866,0.492354461,-1.50846887,-2.42550375,0.681734783,0.461236259,-0.0628156827,0.568729036,0.701168521,0.801819224
3,-1.0033363,0.769444008,-0.232680497,-1.16977417,-0.86492212,-0.128576938,1.25906113,-2.13608459,-0.830442487,0.770090716,0.96136315,0.359081237,0.836577065,0.570898667,0.839301137
3,-1.52496797,0.611642636,0.226988232,-1.20650895,0.0825981261,-0.607990778,0.738972517,0.854161729,-2.34033039,0.112284497,0.982515361,-0.160333834,0.718018054,0.747171801,0.765778971
3,0.532353721,-1.51797488,0.440044577,-1.97647502,-0.143457576,-1.00121869,-1.1552351,-0.237403937,1.01913424,-0.14267091,0.992930508,0.702084414,1.0005391,0.387791779,1.09955777
3,0.893905093,0.439789568,-0.37440126,0.407902393,-1.83585226,0.147849415,-1.84272631,-0.588029403,-1.50417042,0.599972258,0.751275244,0.376853782,1.01772291,0.577859549,0.932049437
3,-1.74807779,-0.258233624,0.707024925,-0.0893013047,-1.37085613,-1.76938155,-0.749308442,-0.188130987,0.85251078,1.00592106,0.946940653,0.157734291,0.810219506,0.765346888,0.927591732
3,-0.734804558,-0.541179058,-0.469450959,-0.442386912,-1.17304149,0.140780422,1.09214394,-1.81550795,1.33263209,-1.31330906,0.873154028,0.347364937,1.07492887,0.793237247,0.835438445
3,-1.73678351,0.746123252,-0.281294717,0.262894499,-1.3822874,0.648494124,-1.09780055,-1.62787424,0.990205,-0.108511041,0.597755405,0.143678345,0.956695263,0.836804012,1.05190155
3,0.84637344,-1.0123558,0.534253581,0.789548813,0.139791281,-0.627656209,-1.13388373,-0.912042853,-1.58025421,-1.43094363,1.07625323,0.300535077,1.05247086,1.00260635,0.955303794
3,-1.53563952,1.20922238,-1.106129,-0.299436896,-1.24605562,0.244736696,0.144890446,-1.7894598,-0.32622295,0.629181284,0.914089686,0.588056077,0.887902811,0.578535903,1.10632851
3,0.270473345,-1.08120835,-0.543509501,-0.310746098,-2.11373353,-0.184439099,0.343445361,-1.76946069,0.847705423,0.420415209,0.843949341,0.388827275,1.14870961,0.76103225,0.978539458
3,-1.18863179,-2.11118502,0.424681797,0.209214307,0.476959113,1.14368816,-0.931690875,-0.430872546,-0.856745381,-0.86125703,1.07695417,0.331407468,0.860385227,0.697657608,1.15943478
3,-0.935019353,-0.284087291,-0.611970689,-0.884868205,0.227936,0.29081654,-2.66916199,-0.0924120125,0.0435485145,0.615776669,0.780911181,0.357208814,1.23067895,0.719070375,1.2115725
3,0.791140721,0.369117834,-0.611087498,-0.997623206,0.476502034,-1.67314028,-1.68184165,0.761917133,0.910803247,-0.952239861,1.19811339,-0.596549627,0.651408386,0.144926681,1.20855271
3,0.8221266,0.152740337,0.975295347,0.147791786,-1.603775,-0.984421261,-0.667989504,-0.449727264,-2.18953661,-0.0327293543,0.415768379,0.419312199,0.956674908,0.993185101,1.04528434
3,-0.638871811,-0.799147383,-1.11928787,-0.462781834,-0.991628382,1.04573936,-0.953833997,-0.92318736,-0.96696955,0.0899848347,1.17165634,0.796652876,1.30181669,1.24807308,1.20178501
3,-0.347816234,-0.973623613,-1.25310196,-1.02177034,-1.61184886,0.742938772,-0.585275903,-0.437414233,0.746551998,-0.461235954,0.964905323,0.514495701,1.41299496,1.12336866,1.18683168
3,0.640650563,0.0681569012,-1.70380873,0.415001769,-2.05947404,-1.73520912,0.875457128,0.930254593,-0.186888203,0.126374211,0.440989168,0.182498075,0.70693383,0.690363574,0.608700294
3,-0.217927812,-2.54434061,0.265117855,-1.3052738,-0.049900715,-0.749079368,0.787138899,1.10418326,0.42255197,-0.786427879,0.737786759,0.0663758109,0.429933354,0.720871453,1.11899082
3,-0.0956326776,-0.775082465,1.19505768,0.305401042,-1.12900981,0.397577614,0.424716236,-0.482146963,-1.47626819,-2.06352153,1.17409645,-0.04409934,0.879083088,0.796934007,0.892894867
3,-1.57458471,0.384892937,0.461307241,1.02456368,0.56668179,-1.23958442,-0.369960528,-1.11634672,-2.01177105,0.977804223,0.787179739,0.230484773,0.635993466,0.53314479,0.710194788
3,-1.0496197,-1.37670734,-1.13589367,1.02506708,-0.267978107,1.05511892,-0.382198468,-0.814726998,-0.0259629951,-1.48112841,1.04890643,0.258274357,1.10553101,1.02016151,1.02115638
3,-0.513806756,-0.115619086,0.53520999,-1.15678373,-1.5310622,-1.27201109,0.180655681,0.274339747,-1.72356359,1.1463073,0.893067614,0.401457875,1.04098031,0.86305445,0.977773489
3,0.213575516,0.888054598,0.624499951,-2.18614707,0.407705846,-0.610404106,-0.511036326,0.0964753169,-2.17005403,0.460969562,0.841046755,-0.0231958928,0.428071336,0.46364395,1.07679459
3,-0.591971999,0.688670596,-1.35638525,-1.08017939,0.140407435,-1.06821291,-1.02114166,1.12594066,0.700630445,-1.63854789,0.997658255,0.572733377,0.885322478,0.647228323,0.997847521
3,-1.87106548,-0.634417308,-0.862021013,-1.24462461,-0.33101362,0.942164264,-1.37331389,0.963641719,-0.124684383,0.208239919,0.97990818,0.489544028,1.0147871,0.86672681,0.976128275
3,-0.520529532,-1.31320606,-0.426872516,-1.88961692,0.734145014,-1.57655455,0.756991477,0.315040541,-0.728852814,0.618881594,0.940752982,0.424787094,0.803999472,0.616633063,1.24440115
3,-1.36835084,0.351470326,0.871702447,0.901612954,-1.48262353,-0.804613874,0.914269729,0.0084472149,-1.38308409,-1.48686244,0.832513764,0.301459099,0.697289006,0.82281458,0.823955659
3,-1.56218386,-0.258315961,-0.439559033,0.556516613,-1.35879152,-0.971123514,-0.977070363,-1.15499417,0.627081183,0.95223725,1.28944651,0.467368195,1.08703907,0.746232185,0.996117417
3,-0.56968575,0.805229326,0.223687025,-0.949959908,-1.78346754,0.329994686,-1.70522368,-0.450438864,-0.122047425,-0.557046832,1.2344949,0.182672064,1.08139747,1.0348297,1.24556483
3,-1.25207123,-1.54757646,-1.13230002,0.926926944,1.05337756,-0.161742312,-0.115450227,0.195637125,0.0171653501,-1.84025385,0.82413735,0.413289609,0.570094686,0.869313552,1.17945191
3,1.06362864,1.04602426,0.104761791,-0.428778878,0.628464161,0.1681101,-1.1114203,-1.99507129,-1.59671673,-1.06200395,0.773432417,0.29266791,0.691585477,0.505721657,0.919594729
3,0.997465111,-1.57824962,-0.62464479,-0.316468756,-0.0707428332,0.316016292,-1.59406451,-0.626400028,-1.56787985,0.954048554,0.929378422,0.484978467,0.748453167,0.800252099,1.14785827
3,0.961468216,-1.58031534,-1.14224545,-1.09649706,-0.605928755,-0.696881315,0.434961576,-1.12258354,0.581331941,-0.533343861,1.41413027,0.479148313,1.22148246,0.791980535,0.893292013
3,-0.126176614,1.02287505,1.10137538,-1.08314088,-0.567775632,-0.0808735478,0.0259367057,-1.46616733,-1.23998692,-1.6559846,1.15409105,0.286167865,1.0500872,0.670460984,0.909111286
3,-1.45549148,0.639190099,-0.662343043,-0.170719438,-1.12324516,-0.553809902,0.968008829,-1.59409571,1.06177934,-1.14729473,0.993166697,0.414149715,0.791077786,0.780007688,1.05961931
3,0.81955507,0.157359981,-0.52853854,0.825758399,-1.31384634,-0.138758297,-0.708417128,-1.90164601,0.122993655,-1.56711536,0.714722598,0.421161348,1.16750086,0.746121109,1.18314865
3,-0.651697151,-1.33319671,-0.925367564,-1.62965746,0.0525668184,-1.4135757,0.114868226,0.994458283,0.0870739003,-0.205495198,1.00431507,0.492842796,1.28113298,0.881620609,1.25011109
3,-1.70017239,-0.830507452,-0.945901392,-0.69105678,0.276104998,1.13639575,-1.32771053,0.172119952,0.156579702,-1.01973171,1.09844083,0.539294899,1.07314027,0.879994788,1.18300907
3,-0.44857002,0.762549431,-1.37766819,-1.07049236,-0.183010578,-0.230817137,0.770675528,-0.246989378,-2.40584033,0.687524176,0.845240485,0.246905718,1.04677417,0.718726507,0.88499197
3,-1.12692708,-0.53215386,-1.60392648,-0.484723891,-1.43283528,0.362236119,0.838299877,0.138031304,-1.33310198,0.435282055,0.886541622,0.805954531,1.01096625,0.674884375,1.36147243
