1,0.0253892209,-0.426481857,-0.595362967,-0.798476734,-1.15677855,-1.20470427,-1.22524386,-1.20698645,-1.02441227,-0.955946958,-0.590798613,0.121240662,1.51565091,1.64117065,1.50424002,1.18473522,0.694067129,1.21896788,1.08888378,0.94282444,0.42020587,0.0436466382,-0.348887834,-0.866942049
1,-0.427256755,-0.690547506,-0.941686376,-0.933585123,-1.01459766,-1.16852149,-1.16852149,-1.17459743,-1.08345832,-0.915357301,-0.41307956,0.0891981808,1.23755092,1.60818328,1.30438626,1.28615844,1.02084238,1.07755116,1.38742412,1.07755116,0.376792694,0.0669197326,-0.0161181197,-0.585231205
1,-0.049748886,-0.534562871,-0.861574657,-0.859673425,-1.1068335,-1.13915443,-1.12014212,-1.11633965,-1.00416701,-0.853969732,-0.433797611,0.281065362,1.35906352,1.79444549,1.48074232,1.16703915,0.97311356,1.04345912,1.19175516,0.921780315,0.351410921,0.011090516,-0.618217049,-0.876784507
1,-0.581224554,-0.766427871,-0.937624214,-1.06524331,-1.11971487,-1.18041176,-1.20998203,-1.14772882,-1.01077174,-0.9625255,-0.612351162,-0.00693863966,0.757219583,1.07315465,1.12295722,1.02490841,0.877057023,1.11828823,1.3984277,1.54939175,1.23656934,0.525326354,0.168926695,-0.251282511
1,-0.424561087,-0.580547976,-0.849751154,-1.02586538,-1.19694778,-1.26236163,-1.29255264,-1.26990939,-1.09127924,-1.01076988,-0.532745542,0.27737991,1.13027596,1.22336491,1.25858776,1.08247353,1.41709056,0.762951998,1.21330124,1.20323757,0.808238514,0.25725257,0.126424857,-0.223287683
1,-0.28188814,-0.51227216,-0.868924344,-0.95088789,-1.11703021,-1.24329838,-1.20785468,-1.18348714,-1.03506667,-0.970824968,-0.660692634,0.00166142322,0.96307166,1.54124694,1.52574032,1.07826367,1.14693583,1.00737628,1.09377029,1.27541923,0.714965792,0.395972534,-0.239798751,-0.472398002
1,-0.246103401,-0.773751446,-0.951987073,-1.07728142,-1.2272817,-1.27139943,-1.26787002,-1.19375223,-1.08081084,-1.00669306,-0.740221971,-0.133162013,0.708604265,1.11272267,1.07036965,0.915075239,0.983898897,1.01566366,1.19919342,1.26801707,1.15860511,1.03507546,0.428015506,0.0750736697
1,-0.431655261,-0.699003035,-1.07869376,-1.14837483,-1.21236764,-1.23796477,-1.23227652,-1.1569072,-1.09291438,-1.05736282,-0.727444288,0.175565482,1.06293256,1.23358008,1.14114601,1.1454122,0.880908547,0.940635177,1.00605006,1.23073595,0.899395361,0.768565599,0.499795762,0.0902417244
1,-0.569240283,-0.708193548,-0.978708947,-0.990534757,-1.21079047,-1.25070257,-1.30244049,-1.17235658,-1.04966381,-0.996447662,-0.671237892,-0.285420847,0.622210056,1.03315695,0.96515854,0.721251213,0.82029237,0.811423013,1.06567792,1.45001674,1.38497479,1.21350055,0.68725201,0.410823705
1,-0.239407859,-0.61239287,-1.00721115,-0.958086295,-1.07089152,-1.22736328,-1.26921038,-1.24373823,-1.17459955,-1.06725264,-0.763406314,-0.144797027,0.71215878,1.09424099,0.89046381,0.637561778,0.639381217,0.81040849,1.50725366,1.55819795,1.42719834,0.764922513,0.63210346,0.104466127
2,-0.855758478,-0.982924472,-1.07606013,-1.08501548,-1.0957619,-1.09217976,-1.06710478,-0.934565573,-0.796653158,-0.719637133,-0.449185513,-0.040821478,1.17889742,1.29710806,1.50308115,1.33472054,1.24874916,1.04456714,1.12516531,1.15919564,0.643367388,0.329930081,-0.128583924,-0.5405301
2,-0.898034358,-1.04084105,-1.0628113,-1.13055294,-1.12689123,-1.13055294,-1.10492097,-0.967606847,-0.841277854,-0.780859641,-0.346947015,-0.0558410763,0.976761122,1.09210498,0.513554816,0.440320618,0.394549244,1.09027413,1.70177969,1.79332243,1.38138007,0.687486038,0.32680761,0.0887964656
2,-0.961473979,-0.961473979,-0.867852413,-1.08552255,-1.09254417,-1.07381986,-1.0761604,-0.942749666,-0.685290359,-0.596349872,-0.420809435,0.218157754,1.32523277,1.47268674,0.922660039,0.672222349,0.810314159,1.2971463,1.77695683,1.41885434,0.658179114,0.152622657,-0.235906842,-0.725079525
2,-0.987973855,-1.01912112,-1.05857432,-1.11879236,-1.11671587,-1.100104,-1.09179806,-0.973438466,-0.691036622,-0.637048034,-0.375411031,0.357587875,1.40828886,1.28992926,0.932773985,0.801955483,0.797802515,1.13834592,1.51626603,1.27954684,1.11758107,0.376276232,-0.215521751,-0.630818581
2,-0.92717481,-0.990481198,-1.07211312,-1.10876419,-1.07877695,-1.14208334,-1.10376631,-1.03546205,-0.855538634,-0.793898203,-0.435717323,0.0674018672,1.04531897,1.12195302,0.467231687,0.405591256,0.53386999,0.918706192,1.60674667,1.80332967,1.35685304,0.815416822,0.502216796,-0.100859849
2,-0.69679535,-0.848790914,-0.968599182,-1.03476196,-1.06337289,-1.10807746,-1.10986565,-1.08125472,-0.850579097,-0.811239069,-0.557317068,0.277764442,1.24338332,1.47048257,1.33994521,1.02880135,0.934027642,1.14145688,1.34888612,1.20761966,0.810643008,0.259882611,-0.264055038,-0.66818442
2,-0.908704482,-1.03730942,-1.07049779,-1.13065171,-1.15761726,-1.14517162,-1.12028034,-0.912853029,-0.709574263,-0.616231973,-0.344502194,0.174066086,1.48085815,1.62813154,1.07015207,1.153123,0.729971282,1.02659234,1.22779683,1.27757939,0.673965908,0.315116658,-0.0561782303,-0.54778096
2,-0.957361328,-0.996348893,-1.01584268,-1.08948585,-1.10464769,-1.10031573,-1.07865598,-0.968191207,-0.753759597,-0.723435935,-0.437527123,-0.229593441,1.04616634,1.37106272,0.998514869,0.706108128,0.762423501,1.15013318,1.47286358,1.63747775,1.04833231,0.695278249,0.0108298793,-0.44402505
2,-0.937343198,-1.00345391,-1.04064119,-1.07989443,-1.1274115,-1.08609231,-1.07576251,-0.91048572,-0.701823776,-0.635713061,-0.365072321,0.000602571622,1.35793819,1.39305951,1.2546402,1.14307837,1.10382513,1.15340817,1.15754009,1.33108071,0.725754478,0.229924115,-0.220455132,-0.666702459
2,-0.964259887,-0.936673778,-1.04200256,-1.0996826,-1.07209649,-1.12726871,-1.09466695,-0.823821516,-0.605640475,-0.515358665,-0.272099344,0.387459434,1.52350554,1.779304,1.12225305,0.981814683,0.911595498,1.15736265,1.22256618,1.01441645,0.660812692,0.0990592081,-0.512850837,-0.793727579
